Bundesland 2021 2022 2023
Wien 492.937,41  564.773,06  483.785,22  
Niederösterreich 398.533,36 468.493,13  559.481,56  
Burgenland 130.352,66  130.210,86  99.691,89  
Oberösterreich 733.140,02 893.951,01  953.760,61  
Steiermark 3.429.598,53  4.064.056,90  2.044.878,10  
Kärnten 425.626,47 424.425,51  287.511,46  
Salzburg 554.918,31  503.421,33  476.801,68  
Tirol 1.135.684,18  1.216.733,41  776.271,02  
Vorarlberg 739.862,96  682.470,64  707.551,06  
Summe 8.040.653,90  8.948.535,85  6.389.732,60  
Quelle: LGK/DWH
Stand: 02.08.2024
Bundesland Jänner Februar März April Mai Juni Juli August September Oktober November Dezember
Wien 28.922,48  64.570,98  55.802,12  37.031,65  40.320,90  54.076,24  36.360,31  29.961,39  45.089,60  39.602,28  40.066,14  21.133,32 
Niederösterreich 27.861,18 31.479,57  32.536,20  36.526,81  30.175,31  35.452,67  27.743,54  40.970,49  37.500,84  28.673,75  33.853,02  35.759,98 
Burgenland 8.359,39  1.384,07  13.131,91  12.315,99  16.567,53  9.560,77  6.279,72  5.937,41  26.829,09  10.239,58  12.825,11  6.922,09 
Oberösterreich 55.302,01 67.435,89  82.373,04  53.924,89  46.724,68  57.361,94  91.776,97  36.536,47  62.413,93  54.339,56  58.429,08  66.521,56 
Steiermark 287.240,47  266.124,83  321.047,94  315.072,81  233.202,19  195.512,60  297.271,45  232.829,61  279.860,16  272.460,39  457.963,22  271.012,86 
Kärnten 28.000,10 34.552,26  59.971,89  18.668,79  33.867,14  36.139,63  54.824,22  28.151,45  28.561,24  29.612,44  43.335,07  29.942,24 
Salzburg 41.216,92  36.459,96  52.575,02  74.298,82  24.173,49  68.526,50  39.038,89  37.976,77  40.569,78  46.016,60  37.190,37  56.875,19 
Tirol 55.461,10  86.347,32  100.298,63  88.507,32  113.442,01  97.470,17  85.452,44  102.346,03  98.869,60  92.711,38  109.665,88  105.112,30 
Vorarlberg 67.391,37  45.796,62  82.943,68  59.588,07  63.787,13  77.160,78  69.674,09  77.704,97  56.315,52  45.630,23  33.644,48  60.226,02 
Summe 599.755,02  634.151,50  800.680,43  695.935,15  602.260,38  631.261,30  708.421,63  592.414,59  676.009,76  619.286,21  826.972,37  653.505,56 
Quelle: LGK/DWH
Stand: 02.08.20242021Frage 8: Wie hoch waren in den vergangenen drei Jahren die Refundierungen für Heilbehelfe in den einzelnen KV-Trägern? 
(Darstellung je KV-Träger/ÖGK-Landesstelle)18726/AB XXVII. GP - Anfragebeantwortung - Beilage 13 1 von 2
www.parlament.gv.at

Bundesland Jänner Februar März April Mai Juni Juli August September Oktober November Dezember
Wien 55.823,52  51.043,55  38.702,72  44.743,87  75.540,83  32.650,63  40.733,37  46.746,97  52.017,11  36.075,17  47.399,09  43.296,23 
Niederösterreich 30.361,39 32.366,63  51.321,83  28.833,99  48.455,15  47.568,67  28.952,18  37.905,04  39.854,49  45.416,63  45.443,94  32.013,19 
Burgenland 16.378,00  3.593,06  12.375,16  11.291,83  10.829,65  3.786,93  10.852,22  5.237,34  10.760,87  29.708,68  6.108,51  9.288,61 
Oberösterreich 53.314,11 74.532,54  93.330,61  77.995,42  97.616,99  61.803,60  66.897,33  65.301,49  74.526,69  61.425,23  90.067,87  77.139,13 
Steiermark 257.107,41  544.449,78  380.154,15  331.767,69  334.713,65  235.356,41  354.692,78  231.463,87  320.621,90  432.113,93  463.959,12  177.656,21 
Kärnten 30.627,20 21.513,00  45.587,95  30.155,54  54.801,35  32.025,95  38.285,25  44.167,03  36.339,11  22.557,31  30.563,50  37.802,32 
Salzburg 29.243,11  57.187,17  49.778,61  34.252,93  58.587,29  34.797,98  29.243,81  49.184,17  46.511,64  32.409,17  26.141,63  56.083,82 
Tirol 92.695,04  120.055,32  117.760,18  107.522,09  102.023,49  99.579,09  93.536,72  99.234,90  83.313,25  88.119,48  102.890,24  110.003,61 
Vorarlberg 64.021,24  53.154,52  64.134,07  51.257,25  69.212,43  40.961,05  63.886,01  64.613,33  43.512,15  51.866,32  64.168,79  51.683,48 
Summe 629.571,02  957.895,57  853.145,28  717.820,61  851.780,83  588.530,31  727.079,67  643.854,14  707.457,21  799.691,92  876.742,69  594.966,60 
Quelle: LGK/DWH
Stand: 02.08.2024
Bundesland Jänner Februar März April Mai Juni Juli August September Oktober November Dezember
Wien 41.566,86  29.051,76  42.623,10  45.075,63  58.771,57  28.927,92  36.515,99  31.640,98  42.594,30  38.431,08  54.937,08  33.648,95 
Niederösterreich 36.491,37 31.393,55  32.992,47  52.066,94  59.251,26  49.107,16  49.029,56  43.977,49  43.228,38  50.815,88  65.209,46  45.918,04 
Burgenland 20.752,62  4.201,20  5.063,84  4.281,19  1.956,91  13.704,68  6.261,80  3.927,03  5.202,00  19.128,39  2.929,85  12.282,38 
Oberösterreich 80.345,53 83.985,85  77.361,82  67.309,53  122.930,24  92.195,93  68.220,02  57.231,48  65.309,69  82.146,62  97.479,63  59.244,27 
Steiermark 346.396,32  349.614,26  265.595,81  164.379,42  110.692,92  161.652,30  102.941,67  145.904,41  81.536,91  143.839,50  91.472,56  80.852,02 
Kärnten 38.344,35 13.944,04  52.936,93  23.512,00  24.025,54  21.349,92  8.075,29  26.933,85  13.110,21  31.737,83  18.307,23  15.234,27 
Salzburg 17.123,53  81.817,96  32.593,53  30.278,01  23.799,41  37.399,12  21.114,17  29.852,86  41.553,26  88.048,59  34.175,15  39.046,09 
Tirol 95.623,95  43.580,69  84.177,96  68.607,91  79.793,29  64.833,66  63.334,38  58.939,75  58.610,99  62.666,60  46.048,19  50.053,65 
Vorarlberg 71.041,33  49.045,50  60.491,99  48.159,04  66.500,02  65.723,13  65.283,11  47.813,90  65.611,43  63.371,24  52.447,39  52.062,98 
Summe 747.685,86  686.634,81  653.837,45  503.669,67  547.721,16  534.893,82  420.775,99  446.221,75  416.757,17  580.185,73  463.006,54  388.342,65 
Quelle: LGK/DWH
Stand: 02.08.20242022
202318726/AB XXVII. GP - Anfragebeantwortung - Beilage 13 2 von 2
www.parlament.gv.at

